$ANSIBLE_VAULT;1.1;AES256
62393662343862343764643661303131343362396337346362316139346430323138356162633133
6632636365303537396536643762313764383434373734360a353935313936623161623564333131
61323932343337343762326564356164646439316338353533623664656333303139326266323136
6261313437363563650a383962613338353365613363663266646266663562383164393639323433
30326662656232613431636139616238386233383563656133336665303935663438386338386239
64316266306264623836393066373838653438363834666633323139376339393662623130626137
66663430366532666336616465343630346461613230623338636337646136636461333937653263
36343030663964373131646430346635313133663933343161363234383338636639623133323238
30386661323533636465393562353334623165373562666233363032303939393966373031616231
64386339626662383065643334313238656439366236613538336265343163633565393930616565
62366333333164396439376663646433353738363031383663353361363136306530316262306638
64303762303233386361306530626561653832383739663638383231306230393963666639353839
65656131346462326637333466316433356231323130323265653265333537613832663665383762
61616431626537303139353064343433646436623165656337636530313430643239643036303234
65353363633839346564326139613932636434303936386135363532356330316566366137366431
65343232316339353130
