$ANSIBLE_VAULT;1.1;AES256
30636136663238306537633837313663623935363031323861663338373433313233383830336239
3332636232306265616566623566316635366163346661660a656665626332316362643562323436
38373536323335363964356465323164663766383266306332646638616536616534373536343830
3536393832666232390a356531346330653139396633646336373436633131393163353735363662
37343961323332653937373130303230646537306566626435666165663762306639643038383531
34396439373064313865316361323834613661323362343736343562366562653632353531343537
33356662663537316536663134376638363565663466383832326333626632306331623137326238
65636665346536653735303531656133316239373734616630396634363439393539666161353437
39623435346164356462343265663630653735306234653930663434373731373262616536306534
61383431303238313365323463656232623533613763353235303439656361333536396532396430
64626634363733373562373064623531623434643439616230336131636530373064653634663363
65346238663034633137633336383466636435653936326665313136376536316138386437303330
30653930336664323562303531363636666633636334303836383231343461643265
