$ANSIBLE_VAULT;1.1;AES256
33366161656636333832383566323334313139616233646134363837303737393238326162313865
3165623239343738613939613538646334326163313961640a313133383066653338336439613464
33653432323563393134666161373964343637346466623862376531376331633439333765373736
3965666239383266330a353130383631303935386432306330323664393238363338623061663663
64313564623566306531626361626535336335636662363265303638366665623033643934616634
31306233663036646562333061393462356532356638626464643334626462383838323936383663
64303630366533353836323130393531663862376334393063643362363332663033633032663165
65303631633731373162373030363133316633366636386436353366306333333232373230613563
35323463303639343634353633623839636435333333396437616364653865663964376432333939
66636537636564386131316438346434666230373732643561376261373230363265613238326237
33363636346230366463636234393739303636346633353764393530323430653032313663336130
65343139663330353637396466666234383564656262633463626433366438646636343031323165
38663130336235316435386665343136656263326530643265313032626536623561393632633336
61366239343130353836336233656361366665346562326434303864386635356239346239313731
30636632343431376466336163343037616266393136373938376631666236306535663733613936
34353737326562303832
