$ANSIBLE_VAULT;1.1;AES256
65336464326161636235393938353539636235643565653266333839623932646462343334613466
6330323166666566613239343532353234333561353465610a363132303032356334343264363537
62353830336139636331336231623236643235343166333664316134616261313261656663326561
3339313038313130340a333761623065666239323139663132633634663863363238303132336137
61643737613366613635393233306137326436363634616330653233666463323562646662396633
65353238626663663238663532623937666637356466376463393639393934313730356565323438
30653335303264313330383934386365366139653039323461313439336132326339346339643162
62326435383634663735626333646339346335316137343238386162623138626661623762306136
61323863346265383830363762336632653866303339653033343961323136323465623737613063
61333338353133303336643936303166326662653638323932656437373365303963353236303062
63313531333332613935616532633935373332653539373139316466633861636231383962356466
34323631626363343661646661336538366236653937396530386139316233386136666538646337
34393938636238393131633565303964633364326231363861363666313737663330663433303234
37396139663834656331363937336165343162633434616563316566313864613938623037363863
37303939633264656231343934643362633438306634383331643063353731343630303532323365
65656330303465613536366137316265353561333532643938386565343831636131323235303335
3339
