$ANSIBLE_VAULT;1.1;AES256
30363634366534343231303333623764636466373861343435363533386637383836326662646431
3536393363383466613530343634396266613436643332630a653034376634343132323330666464
34336362303534316563663731663637613763383931343661666663636437623639646338626331
3130633239323236630a333364636430336537646366653939636264313265633834363461383132
39663434323363363736336338333061313435653962623331393735646566643430316638623066
64363762386434613563653537646134626662386664363331613762663165393761656538316362
63316561663962396462316239316561613831383566356433633534616634326464643139393835
38663532373862613530326439643337383962623238313163633663396637383434386438363335
38316364303862333965663030346630393463323237393631363739393064626465336632643636
32623434653838316366613739343862643838326664353333373461356665666138363534653139
37396465666663306138366461363830653466373035356335306166636666653263336134616335
31333532613163383366653761306232363733326338386363303465633738623235396230666230
35626332343233663161613962373566393433396333626633366430366231636631
