$ANSIBLE_VAULT;1.1;AES256
66646563306232396432366461386130316563393461316230326434666363306532663964306431
3263643037643337306236363236663064366264306138610a366539376261323963653839396465
39616565343735653266623830626330643334383961383865616566383136666330326562656361
3063333730646539390a326464373332373665663830616262346337666463343230316463633537
30663962373735396438383436373265626565393266393431366664353133633965643434333735
30303338383839653130393737386330313839313439363132663161346230653264323066363935
61653835623632343632376465343937656639666462383465383933626262366136623634326534
32643665393165643064616435333535653732663132303434326335376437343639323636663039
65353233323936383134316431616561666635333239383739333737663634373035363136366138
66326338306635626263653231363033323630383832383831636538366264663135636164326364
35643730653565663761323637373565616533623266653532313038643162616130316362393866
30303531623838666434376232346565393733636364303565346436666134343332616530336164
33346637643133366536633631323330636135396465386231373936626239366665373138353563
35633831386534393939343961366666373838336165353937663666336263366539316436303234
66383931376637386561623933613132353666393339663465646564316131633266323764633661
38356537626533323064623361653362393963313833373137636237346164363635313563323064
61613766613538646263316639616532393339323034353835616338396435393738306236646561
65343763333236613633336564303038393530303933306237343866393030343235393630383437
33663539346166633832396335366134383136333733373638353136313833376266346533363137
33393861383936316464373133643061396366613132626638376531366362353536383861626531
33373931366466363836623666383631396132646332346131313333313765383834613231653735
33643738633233346566333065323764323765623631303137353331663738393164666236313133
31323638353430343034616233653430633866376461303365373761373039643466333934656131
39383630336235383736346365396162356532633732326431366430636230346234633232363835
32633464633237306137316361323865353561383536633534643036356335636264613930636263
38623439316266393861666632373061623934653937646539366261366336303265336436313133
33303334646238313161373236313064646161333864363934373738373464643233643139303566
36643761373031653865396464303439366534336630613164626634633763646536373566653239
6435
