$ANSIBLE_VAULT;1.1;AES256
34346638343836323865623965626161396134356263343264633533666638313637633533623631
6261663933633134373035656164386436333534623763300a613036353364663530383562376661
61313061363433643232656662623035333838393834326232613132656131613733353231623966
6262646337356364660a343932633563396463383433363533353535363933333563383937636636
32366439306237343661653461636266336236656536346533386538396332613861666230666536
62356566333563373863666136303962646139373834386264343839376637666561646131393161
31663337323564623964306536383066386630353435346332653563663932396566656666613362
37653762356664656337616432306533313738336662343033316562333862656361633162646431
30333138393232353066633734663266393432663335353863623039306461356539626235646363
30663338343439323764306562376137373131366438323933303164626364643238326534383665
38373734343338373064353663393436613762366562343631343663653765623862376331616466
63623138323862663034386261333738653234633061376436663966323065313361393761333566
32353762333438653264666537633534666235346333383535623732666234343235373065353664
66316166646533393531363962393865396534656132333538373635666165386435353862363866
61303965336139366630633336303233616135303435353632323333306333646535626536313932
35663634373739623863663332656136343764346133633834623034646237666533646639653730
37313637373165666234623864353864393263353766663135623735303034643939333637616466
31326532633234626239346537656564306361373034376661626337613463386332663938363465
36363266663962653261353139326234323261663864373562303139636466316233653830393238
39376336313363313138663265616266666137633935316633343731316134333032376634643964
36383737326662336335636563303839633265666439646633643365373238633665373530613863
33393539326261663738313532326438363663643335636334383932626638346661623066323533
64663463333164346538623935333861663934363464613333653663633561626264636664323061
38633930356466303030386633356634323337396536353937313930303830356330336636646361
65313234663861373334363131643863336562616165623261623332393335633964353565343033
31386533373636663764633937396265393630376263346335336134306466643263613266633331
61653130336336346635366161646639316336363234373365366238363233663535656563393864
31333536346135333061353938656639346662346135316264663761393064396462623035393963
3632
