$ANSIBLE_VAULT;1.1;AES256
34666563333634623864306662336135366534383061633438333837326230346339643066373763
3138316463346564623664653237353166316362613134610a333130353930663736333037393538
37656238633133383239376266326230313133616662383232616232333433653133386334663430
6239346636636134650a326137313464633432303632316539386364303431346362346466373137
36366635643466313935393539323534666334376235346166376237643335393639383038306364
34346261376563303964656637626633333863396535626236366136636338386366393666343066
34323330313337623637646636396234343331386364633831663138356464396564356436333764
39633033623765373165316564613336356164316161346231393739396133626337343362313238
35323331666534313032656264663366633934653266623531356338396361663536626238363562
35613238663931623836333937376361336564616362396231336136643264663436656662633430
65313538356233386463326630623763653938653863373339306163663733626536366130303132
32323563336635376339366236613961626435633762383734313162343035313663316531396161
32656537326438396162356230396263616636663135646332323064393632646134363839333437
6262323064643064623063643336393065383137363965616466
