$ANSIBLE_VAULT;1.1;AES256
33353835313564323632633233323065636565343330646561366366303836633265646463633865
3562646262366661623236313963346337373339653761610a656232633630326330383332323531
32623931333232313163663634663562323635343866613263643536386663373964353036383965
3131666261626238610a666536373066303338343630386232393833343666656463366238653764
61636138383135643265613831616664323038386363656664386564333738333538653438366461
64613666323932363939636563643130353538663166626266623935343133343734313035303166
35633238346564663632323232313063626465376261306131316366633961383732333963623337
35376430653064326661633735323933636530666630316263323061623738373832623732636538
31323361333233393239343433343566323962383133366365383839313938623864646461346537
37633335636533623135373036333462663263313264303837653634616566663033663235653239
30653837663838663733336538346164306333653662333033356637386363363763306337363861
31346434316534633130323333393531376662386166636333356132343131393638633331383033
61646263646365303233306633316631656664366332623035383639306334663866656239333136
35313838613435326135346266313633323237326434663362613032666466316263323065333039
33613036333062373362336237626130346233643966643764343134316435353066666361636537
33303432356366356663
