$ANSIBLE_VAULT;1.1;AES256
64393935633361626263653566643464643635376435653732663062363736313062663663333030
3732346165396665646136633634663534663961363633660a313631376565353762643339363962
34376131353263663432303963363165326362613735366531303032343863623939623531376239
6464393834396265330a336634373038366234393163376665656662326536616130336534626562
66363937363830616530336634323834353231333865626430313066323031396337663639623463
31383663646664336364373633303966663932333163356138306534623235366237383234343831
64393664623934666137643162633637323637333830663939363832336333663832386630303164
61326538326239633434343030376431313264666432633134316666623363346438643935353134
39303031326134323731346535363161373263356530653165353062336338303135663038626138
30313037613036313639653131393366613139616339346666343133633731303531303462343732
62373339653664313939383835646464313139326339323161316361313066653362376430613730
63313039316330343065663561316630333432323164663237356430656263303736346537666233
30356132393730303238383031616266326536363038316266343538613438346437306632373134
33373738346362396438393362666532336630363133306530666464396363393539373961303935
37333065313130646563333236396232303835636639653338393361393863356336623631393239
63346666313161383936613364363634616337346637623064653265616365323037343932653731
3838
