$ANSIBLE_VAULT;1.1;AES256
36613432653235386264306530666564343962636339306536386662663638343361353963663135
3439656135636631306637636462323838303636353235360a333964326439306564663965346662
35376361306438663937386230336262373233656436326636333539386637613265363364663030
3934303636333165330a623361613739633631396361613261616530663435393964313763336336
37663538656261326439663639323432326166303466633166653935623139363331653738623561
61353235643534626261643464316138613235336534626464363462623237376338666663323834
33393233663536333831616632303531376535653865616161373931393839666633616439353831
39316362373766653665333865643531396665356161616461666636373434303539323661616461
39303334656430623332356639633466653131633165656163393566313130343338343030333862
37613838336335356164623436646665393432393339303934333162393637383839386162336462
37623861373936633337333735313432326562303561383331613533306463363562326435316232
62376433613062643564346563656163353265396264323364633838656438653233636632646535
65383766666362633630666664633839396365623438323233363134386661306634
