$ANSIBLE_VAULT;1.1;AES256
37353230646539656266386339666539383162346566393834633361636234616133636661616435
6631326330663537613232333532313866633966666234350a626238396663633938333633643430
30666463626334663935626434323532646532393264343831303338613830383363356231303930
3139366361363339640a613464653765623565393734623131313463343563643233656636366532
33353466613531373861323935623961376634366134386139346564663465643632643735346331
35616631316131303630333038386666363531626432643033616334663334386639386265376539
66323234626264376233356433353436366239353833316563653430643066393061626438353833
34366339353534613836356436306336393638353535323730653334316663656661613738666539
66343361336232313738663333353865656537613134656435336162363338643266393165343631
32313233613739666163613233366137303661333037373966356337396439646639373733623131
30656164613738356466323035326461646536373636363865306633616335306163653136663734
30346639373563343535356530306135393335363233363137643466623233343062376239663563
63343961623966653534653531393835646366656661313764316365663831313566643438383362
3235313034623336333937383839323765663166353764613137
