$ANSIBLE_VAULT;1.1;AES256
31363062303364643734323930363462323130613635643934366563633261653630653463306262
6330623538663661313934653535376331663931333565660a366637303637343339623361633035
62646438353965643033316234376264623938316130313939383036626636336463326431303365
6532333763656431640a353431653565306338356164613666353738313139666237393235623336
39623736323430353834313334373665306264363661623433613438323335393334623231626563
63316635643434313366313934393931393738323036383862646665653938376631303165313538
37643836613164623033306530616433336230353532363638373232636239316134333962366339
64343963316564663565613936396433383930326336303138383862373034323431653739626635
65313261616465633363623534626562313238623165306264333833376463626634303839366161
65636231303736393333383063353738353032346562396339316130383066323263623832306664
35623533656534383230333464343064393439336234623965646361313331653935373965303837
39666339346163316130316638633639653932326638656466316432323030623338613334383138
66303834633132623561343062343530613961313164343066643530316139373937383661393837
32653964633432306333633639313138646433613831613431623039323564336433393435336561
62313532633336616338313766386131356438373239383531363664326637323639396536366233
65353864313534636230
