$ANSIBLE_VAULT;1.1;AES256
65343632633339653135336462663861393463396233636464386336623534323832663264343935
3261343665323636333230373434373864343830653938310a373739356462393531393164326431
61396234306163343362623438643333626130623862323331613161313535626461636130306633
3834363638333836350a653864653032326135633765356435373232353530626336623633653364
62376263373432663738356431653234643032383431336330643030656330613831656235386366
31373463653461376563343435643139303730343831396666323034366164613161373639343365
66663531346363306533646262646338626162653764366564396562663937663965613339386431
61323936666637656234383866663261643430383832343832653738383431623862613966316533
30623762303336306462663836376362356138383438393462326230396534336264646638393136
62383738623331636436386532356262626162633664323739666466356633623761653361646239
36393839383464646463343134353434666135633839303530383761326165363630633761633034
61306639656162616365
