$ANSIBLE_VAULT;1.1;AES256
61366463313465316433363961663731613932346630396333643562303863383233616534336462
3330393963343163303131363736326132323161313137620a346230336663376566663239623562
63626532323362366166643539313334663538303965313363303335373162636235363166393537
3662353836333663320a336236313638313765306236643734336161313963376531633637353565
39353337356266366532353738666362313634633765636666383834376132353633633932653035
64303964363439663865363035643338343665306131666161336637363234666439376430613165
63333362663066646335646562653435613666393339303566613961393837313663353935353762
63353162646438383930646165393630663936353533646532326533323038386430633961376630
38386235616632616236666339313530373663303964363634303930343164363937633931346162
34303037306130333530613339396135383132373964316634303361326361383933646336313933
62356134626365353235643331623937663862353334313665323139323264336535323364616539
32633832383637663362
