$ANSIBLE_VAULT;1.1;AES256
39373437623831353533393931323261316237353138663764623432353364656166613563366465
3934623036653939366335376164373937663330366262390a316133643836653533393662633231
37613038393538313735343334373235633834633333326365396336623538383439393166633066
6431356464303936640a646231613662383232373435643833353032663832343366386139363838
62303836353962613163326264353566366130653736313739336534346666623737653961666134
64303235393530393731393030313864326232393164326464663233346232633765396633663765
37366330336632363432636332343062666638343433623636316232363536353434636233356165
61643463323930313532313838326331313237613462653965393166633830396137313661633136
30396565353463343138313031653837623330336164663066386538303931646339373962643933
65336130383465313830306666353934633839666565363334616331343336343134336331373431
65303262383865363034653864393534323931656365666633313365333436306363656361313932
63643639653331383861656337343339633664653233663534393937373666386133346332656132
63383834613462356662626265616265386135663164616436386566666535626332383532333838
66313338363362393137303939316339373839626361356639366539336139383636613063613837
65343663373634626332373539643437653465353736306432633439363537643866613831313334
39343836373861303231356238373464623739376536653435623939326432646631396130623036
38336635323264623135333836383865626337376530356363346531646333616265343432323739
35356633383538616531396539643736343338343634643565623363643436356535653464663530
393736356336313039616536623764303534
