$ANSIBLE_VAULT;1.1;AES256
34303561366137346139373735303162326234396237383962623933623464636535396132363165
3062363530623038633765656432343830313763666434360a336366616366303761353236313462
31316439313730666464306338616131643136623139336132326532656330313635323039623534
6561663164343261300a613035623235383563323964343430616136303039313438316334373034
36393532663732643638313634373061373363303737303032333765376539666538633366376564
37323335356434353863643064623362396466613439373435343964653738313961343032613232
65623333386337663133336330383663633631386633383164356531383933646230323333336266
37386263646263636534323261356261386636663032653863316130316433303532373632616232
66323834313839343936633132393764343261633562663039653162306363653762346361356132
64313865626364613238343462646537633662623037303638323834303861613263363934356430
39316164363362383066373830333237613034643935616661386533303339636266396635323336
38323563333538353564
