$ANSIBLE_VAULT;1.1;AES256
65313762616466313065346436343739306265626534366361393564326564633739663538306161
3362633135663638396361376565643137393432313536620a623366613533303533663566616532
39646238343135313334396137663033316230636365656431393830396336626565656637306133
6361383464663965620a386461373663323163643930303963323236626331643661386366373232
62336363363730303934336435663562646230393730333761353137353131303236663834316366
63613834336538393731373535306633343234366235663033623136356566633235383930366330
38363830626262383934643661653262663762383732353161643764323461626261313861343536
33616665363131393237376132613132623134623039663638326631623531306236346638613531
64636134303363376432313736323062633638303039343434306537643365613833373737633564
64633061326232373630383065333132656662353932653037383535666463323132386566643462
37663932383761306461663538636133666334353862393233623631663338366433363162333035
33366366363461353534343163383036666135356165633038626639363430386361383762663032
30626566393436383333373466363136386231383565393736396564666164616630643037663930
63666564386461646534636138313537666530623338393330646436306135333038316632386261
61323433393765363639623031623738363433643039623464393232303665643230396464303131
35323238323634626432633861333065346635306630363339323764386262363134336566363363
66323762663239616530393730343530643733366538383731633331376538366438663738313434
33653361383135623934353434323634353539346662666134616366343632613566653138646161
65613035333336343139333162396236336230646338656136643037303565363637613439623135
32383461373430616261
