$ANSIBLE_VAULT;1.1;AES256
66636230646463366539313161636633346666383731353066643739383939643738333364656339
6534666265663033343665633165346235366536386132310a323439643964356631666530313734
35383263623039303534343035643761313036343835613666626265636166313265393832653363
6163393538396564370a303233343538616233633937663662396362363735346537613362346534
65323539383834353130396636333661373066626337663636376330343031306262666531366431
36316563623861656134636632623839633239343732396430323330316336366337656266353663
30383862653362343430346538313133313430396562393932616463383736643630313730666538
30643937363136656562663664666137313266623030346335623331383336346164633834376566
36333936386636306533366634613463653466646161323130303830616562323330626562653338
66396430653530666636633061623463353535346237646633333239326334646535323165646265
33333732613938383864616637613530623731653031363139323739353965353166386665616434
63643063633632623339
