$ANSIBLE_VAULT;1.1;AES256
32633261366435653939353263326231646164323563643539313036343762396233343932616134
3635663863333866636236353635336138393066663138610a346466353766613762613537306233
61383563343865613931323936353662616538653764653962336666323238623766363131373637
6438633235323262300a363761626261643431353939636461653539623836396265636237623561
35346466616165343030396635376135366239646539396361373435306465623864333339656239
39643065373861383564303066653336303735393831306234386234323763343534636564393561
66643266306566313038393161373538366237373630373065383565346166626133373331383832
63623437366263643665633433353864663436346338636439396337663838303736353036616232
37313864613539393936353434613564346164613861383766333664383632626536353637383631
37653462343131383532613331356261666264383066643938616337613466373932366166363065
36396363393131333332653030316264333064396638633165306238383631643361373436643665
36323835616264346430386134636233303339316534386139663733303738313266353634323639
36343066303965363132316332376136383362303932306130663734373163353337643538646234
3035636564336337393561313563396338316539643730646239
