$ANSIBLE_VAULT;1.1;AES256
65313364653366343832363239653631616666653734653338366235353638666333663830376461
3638373935303132623666323366633935313031333638620a663537616439346536643433323132
32313563336266383530346162656637623563616531613436393035643264323539383336373233
3531333630396431350a663533353864383266393531626161326163653139643332663036616530
33333639313462373738616637633433656133313239336332383037313439393331366263393030
61666266396534643766396632386436613561633730623761626331663866393761363565646666
63336331363234306263663435393632396565613037633562643932663661343239363432353336
61313165636265383839346631393835633565623137323939373864333831343763363336643863
38366433666264623035346662663265396635393666346430303238623739396433383564366362
31353533346166306662363935366164646261623837323232626236663238646132656362363038
39353866363064323162323639316537353632623862303732653963656164303430653731313836
62333264363933373538313132666662616332306135306366366636323761346135616631376137
30343535363130663339303135323933316139613232396339376434386536326237393965343634
65393933346137396366323437633731616138663734336564376466366664356562353766393532
62396439323333643435393938336465343539666663623963306432653663363232626563343831
65313832623264346166623065376464663765653939623630613933633962376539303063313765
31343565643063303135633034623063303332326161373132346633633933366161353332343430
31376531343134376537303532383632396332313934376537643564653463613732663536623437
31643465306664356266643533356533383836663565336531666663336337656536666131353162
61613766343535663634316533353634323838613531396463323066653735656236623166333630
65643538386262613031633335386339643937316462656238646639316132613333663665346463
35373836336137613639633335363865666136623831663339613833323630393266323965373435
38396630636261303864396639396236353261386639373062383631363634636637323765353935
33633263363937363031656335356362373630306366333132313363353062366564333362346263
30663231633332376636373237373438373434393666343135303630353839653766323530316662
61663939323863346632356133626130633661613564353764666666336130613363346365623163
37323739343634396161363235633038303037333733306637366266366232393234336166323861
63626464306230336338396537666238313130306666646264316630383161383835626363383462
3664
