$ANSIBLE_VAULT;1.1;AES256
36653661343264393035343261306665356562356434383564386665356534333862306539633361
3731333062356331353165363434653564323338613338360a353135313866376163623563333435
66643037666162363737346664346662333866373536366338653764633032376561626364303364
3438393665646636650a383639306366646163666430346337323363633635653065313861353062
66343434653337303337323832353962643135383163346563393134633061343136626536613761
61653466613832383834346136666136306435656639303339663566376533356164376564643138
64356638616631396632336632373766613632613330353235383465316631336334653835306336
39663231626266666562323134373938666532346531626565353638623661356464366665636263
32313565323133316163663638353263626464356536333636626134343166626561383565346330
38323732316461376461376334616539323933633433343934663638666166303461636362336338
33346137356430303737343133396464643938366466656432343537643666386536373537343365
39303863333764336635623862356131366165373630346363353330396261663531323065636433
64383336393530396539323066303462633930376331633134326530323666376338376666373638
33623034366236353136656237356162653866616330316431316361613337326134393337363133
36366434336232353662623062346434616632376333626638346166623230316665316635653135
37393130613139316533623638353466636464343766313638623936666236643965646534653663
33613034656338663562393334383835613430336632363830626431353863323835646336343132
30306230343566643938636338303631663534636637306661353430326230666333383565343865
36353562323932333139643138366537356665393461646431613238653933323433323136386365
39646531386165366262313664663333386238303738333563396364616235353464373135656364
33653364323739663638616161336235653462303838363133633031653836663236333964303636
63636232663266316466653434626638356334623635343730386134313630313931386137393163
326137393231326532663665326435373938
