$ANSIBLE_VAULT;1.1;AES256
62366163616534383962366437323037366164613333326463643330336139313062363934663839
3632343737643137363632333634656632313762656230380a336364313934373462616162393466
33323061376635623566623337373630396361633563653937643666636438623633343361306135
6466323664653761660a333465383639303033333065376231376164396666376663323164353037
61666663666163353066306230376436353232363163633132383433653662373737613837363838
65396234333461333962623536386566666263373534636336666462653538323463316461376435
61376261636535616366313061643135376465323330306666366532613837303762303331353738
65326463636262366339373836323965363036626534386438306639316438336435316466376235
36363235663830386561336230653461633765393838363532633166373738646439393065313863
62336333333639396165373261616339663234313261363735366335386661666166636462323263
31323865653862386531356564653065383339356261383561666632343863323035353338666634
30623438356566656165626532383539393433626236373038633734333164386332396464356238
36636431656364353434613536323166663765306433383937333736363130373336363766306662
6532343962333034616331633133313833616237333831643230
