$ANSIBLE_VAULT;1.1;AES256
36666139613733326434326136353036613064666437643530303830376232356133663831303762
6536646166613561356234313561373333613933396333310a636335346433383233663933383164
39386165303832313234306238666364303435623066303731386432623065303161653537313766
3139386431636662320a326437623236346562613461396664373262343565393530653735343134
38326566623939663465313061656463333032663763313630616435646434633966616436636135
61363635656364653535623732663936646130393564623464666239656133656464623834663966
65653735303663376263613361643534383366633836353330373362663565626535353439616535
66396335386562306261333738663363336164313962393965616534313033323031336436346233
33636165656134383535383338343336646531663963326439633064333862663734306636323863
61393835653935316330393263396130316433383562636432326633616333633463303439656263
36653466643430313731353839633035363535313466376362633835363338646366356263373366
66383263363233343133633561633865613265383164363633623066343266323062663336613661
39353733333731373265323535343430303364626533396163613837616264393861
