$ANSIBLE_VAULT;1.1;AES256
37376562393430646165656566636238623039663462313830353866393665663663333730656163
6631326136353565383330386166623163643762343065660a363933666431626665396664363164
32326365306233363736623535633231643530393037353134636131383466333731633934656662
3030333832663333610a363662363330323831613335663562653435303036613130643735323439
33663733613131343564333832613931353263653638373763623830323562356561303565316565
36363835653166393534373736633433386331636632306330653863356332336337633336613531
66333563376434633165376565616463346133313338306138346633656166326663306539393035
62306430303435626534643734353436653136376530616262306335663732343130353935643937
36643461383030376663666539663939353432316235393665313234633365336265383130653661
62663633363766303265396266623164316632353661636136643933363838393034343565356331
62656534666530333538373931326164386236393263646236653563346334363364653533373465
31636438393565393636
