$ANSIBLE_VAULT;1.1;AES256
31383137373361383531353262653233333132623364366137383433653137343065313666393539
3366306662346266656166663135663734366262646335310a306136663664303266383833363132
34363562393739346462643637633561626631303966396131663730333765323762393132373332
3132616636656562620a653762346637346239383738346536656136646231393338346231366664
36386136656230343936383966616537666562363430393665643566396264646631626465396161
65346337393330636630613764326139636637366534356632393461393532613861306164353832
65666632356137386364333464383139343665303365623164373731336338313563316639333965
32623136636666393963656539663363373864393037303635656133626433313464336434373431
30643366613134633730363236353039396534363232396465636165313932343936613264643535
34656363393239386435346636343065626138343238323763343833646263323066303837323536
38323832613833363333646361383735343339663632613431396330643365343231373433616662
30383835616464383733363037663862623139393335393036336166323663343431633066663333
38643236666330376239656235366166613730386330303737336264636234633764633539633631
63613231616530653732326530326534643631623930333662616165303236313039373266613539
35343032643437636631373130646435643533313862633935353762666566616231363565323836
34303533343434356439373436666638323061613036373164623935663733323064386265323261
65353562393562346361396163333862343566316438323530613362373536306264
